alpha=0.769231
beta=0.100000
ntopics=65
ndocs=3312
nwords=3312
liter=1000
